8192
398091536
900840787
583491692
27710452
994789521
118365939
106001106
248431831
97735608
837528716
287509635
548072879
77727451
199433946
856034694
300241515
627472073
754124600
709863296
235116935
918789951
705530530
678136266
333161939
943271792
370702845
443555812
759510154
294835735
577575789
276000301
569835476
471570443
974722694
364277475
140642122
623504878
639444646
121964053
53299884
317739930
542824116
52178389
867806598
215043699
42483480
670865508
786143021
398066858
398182370
845807095
260343020
190743785
200521044
94241666
447627493
751417957
112292979
428034367
330622841
502628227
197735676
338319097
393029308
51443153
849855556
800555472
375071994
952791894
572317571
623015948
107654207
499212149
303447535
547260374
952569915
942640093
299744938
600272683
549456191
283767802
519148282
543994573
204215418
799877723
858191592
902147896
509037833
897905306
110411958
788018938
626114671
425631139
692469171
721245962
474257722
366487981
255374644
728141218
245051915
10779393
442559055
721628117
157078361
974383157
968832075
100797235
950291329
230642581
339261832
69462308
797438500
425005547
921314959
785454914
351426846
129376210
969494986
951323209
803570481
923557546
987835792
586419893
672215273
934125921
157537583
239477739
639758331
896592003
349790933
989470289
637622270
886741274
83338275
22307534
656502393
91308978
630218177
757338721
327307049
121832363
992306643
773549943
348334188
922827514
310193291
151013486
5364574
925152464
976551001
931242321
780372639
621339607
121806510
490008259
326051479
290647532
424432320
156860672
299263663
661364311
219787924
551601580
419767129
779793664
639431293
262397805
237258693
133811962
712428868
879077073
182922969
951116078
3379974
889021586
311046447
743150918
211238011
348020476
445307461
436256823
11253120
79929480
245262848
798409416
898697629
271310019
395369635
529029361
264071798
283503097
730317934
97554551
409263214
57271828
490798083
759081525
825710304
528478594
928940929
51325858
677866291
838992663
497469775
707943274
578219004
262046934
468368444
717789248
560049670
134241201
885513548
295011302
292672109
262920728
181412871
214167735
458505875
142096862
393170886
996914590
903646243
252489452
427897945
270463331
196068737
627985719
711313743
21193518
87181245
825825149
303815663
797986047
664445198
299477341
700254790
953683301
259591239
285253558
566328847
525744006
184229979
603395900
238274165
739671956
530620403
545007345
622174077
734368560
352368331
378481488
426448211
525056507
710047813
398048707
13935527
507949711
354074085
447882647
253465425
927185557
351122390
70463461
904463321
626841807
813622118
8394078
235424399
560562420
13952878
905085661
874151588
810306176
331240611
217452594
558489409
100665962
140859123
673723772
161197844
232058123
856988588
230156518
804034279
810050634
65540893
736494081
508142228
975103780
798290384
202235032
302125047
708343839
503101244
883966472
752707369
158776876
684242469
730016488
795709917
981057801
68201302
303836659
587850323
357988936
84295692
533925863
688973610
404631782
398960429
293083272
117562344
146354319
802566307
296752513
569290503
216953086
291543355
246752980
123902854
754161637
734448121
283076695
47889574
358620886
222383814
59533906
517381236
989205695
76964534
751679183
21622532
831839968
343074386
908665248
477970909
297381548
567364866
649956315
904294986
489890237
260728386
775451441
791960871
845958679
110529829
177561098
6157686
111344303
896497913
906851012
458051316
968852284
340180780
503607915
887434827
69144111
795519360
853537642
124942058
924224618
504401299
71303155
5134644
907092325
541095571
417880669
455472557
15147831
472098019
467372671
337455635
306834503
917383195
467133144
514851309
482357079
826540725
305835032
169837011
411715438
279579469
833679916
391191321
983689122
950905801
730267109
869196873
135721048
807983364
715792896
354937795
711063890
242484741
516437861
647265317
1451857
41998999
23992040
332176762
544887828
711688278
374547345
530960825
691030693
578138384
48005963
454033259
205382408
749867604
511025012
406682973
445405332
572927056
411582927
448617078
436912742
589261836
407222390
502541256
115484084
40996868
848730742
703731957
302420178
771345202
818316720
997642965
698060386
833058525
892921974
312602209
447404847
961647551
667306980
512733196
296299250
284934128
848764651
57045219
832500451
201183236
77619212
315610547
765926500
874303774
325551887
32908071
661404201
978434666
968320648
300921216
78456256
559386255
81146247
453681550
911980318
249670578
91017964
560735215
477508678
464647093
811522032
654264860
578654225
387322877
823842426
356858084
336710000
446349838
40957714
938626418
735176904
19075395
462972478
318344723
751317483
350113051
195408334
187294148
425301443
943442879
571969643
667187090
781972872
204825605
517533474
831711434
254376427
503867103
355088457
857109368
875936279
334046233
666830844
174416267
392191942
754772359
690224795
182745991
453822925
861092394
981589784
133996291
768698444
217685269
657179496
345177511
365891817
948121061
671796698
405347974
361885165
89932495
657995380
104224089
166989533
807390956
173937342
575408774
400107650
1277526
194871615
157610859
81086999
180606421
556035076
539149416
287080590
440035672
747240081
966724662
532997632
146957531
280458502
452093215
945782356
138183217
987913168
742592218
283286291
508144528
986779310
20436814
647432166
716353038
501106395
545992624
288054333
330645829
148763577
424340099
472028507
178036860
120032790
753713300
735462651
361522990
184562398
280619555
923482390
414581863
853001872
826459850
476868555
302818784
312290436
371317649
907447559
13655483
880688231
959073503
258301874
351767453
292343730
87070438
129549576
181287521
550058262
242498310
560918312
815684964
393962781
188133656
557137185
298207146
379491994
285659966
688029042
782794383
906837244
668116015
449928045
40108451
824264428
355708055
498715233
808244729
934103817
196292581
782915840
416244839
522967639
631487397
727601856
246615059
305285382
88663290
244972587
643782630
118877151
572795529
468837131
470143357
237814678
497386166
98421258
338035893
21009402
811498499
418967222
713504794
224608741
344353647
170283034
141838836
484143860
259718738
72848545
970068260
746933564
827098955
245255360
343313191
174059592
464011271
743971668
485065852
958751917
386873308
924721928
909761839
105085127
972706668
73767285
588695403
35566381
163776470
754546468
810402317
679104179
58626793
986946628
406694250
863252736
914824428
858014621
181665936
824013574
945460053
210676412
288873090
632399317
42149147
815257289
80673012
18196242
753583209
713635111
721431213
709406936
437698263
189637870
551293371
930690755
5835703
100868422
355591689
179929025
566106823
492096194
324483803
891228764
846509265
63664190
678684501
683985197
581784499
741562836
777355237
991015280
351816746
359539552
191743015
68368601
705502233
262785421
195674593
863937574
583592992
368443023
399162023
60357554
869470379
809887400
65202818
897717716
942067421
60398761
233563402
851196766
479097026
941670943
47673172
868662669
138825148
993963717
626579497
446944316
189964576
46764924
247717577
697855540
219841540
474350662
188974844
825563563
859954744
884021720
951941465
311609001
512823711
514376347
684977618
697625530
920869181
699345828
400526443
112741297
772455841
379852132
159339639
476141659
241364694
671856619
223922448
234042006
801131825
801246485
893322523
66378788
912773277
130311833
226039828
333327188
806443230
54851309
421805739
50700324
507284033
728089712
907561099
15239373
474754869
878581773
997728424
506248127
729187610
551931743
103065500
788874796
997689430
937412599
426729386
47611203
475262257
725946117
741947843
779285021
67433669
456816762
282480242
246626366
133056737
693970220
32684815
854217115
825576055
355608385
833915662
292939970
219208079
189716802
58870336
588577993
218822162
821334606
343324838
482348667
618597219
987758905
114522056
770437422
812237685
4373350
248106354
105498514
214090385
28472381
52657795
366324692
539413918
219199163
443991160
219700347
797284236
15162537
886793564
967933930
989126768
811898371
73678907
935897378
17148280
404731288
470220383
26484039
515771436
123400025
747623431
118448495
833690719
282317327
891755914
838234130
768721039
626844870
431685618
880395379
861487408
747668207
911708875
118633916
168995838
896547170
838282988
67581057
619335780
319448118
211309055
796426521
599467722
20070477
769594545
427009957
413099875
362602218
29040207
812092715
540474402
654859461
224184977
442430741
327524414
683495832
432661150
110397044
572324710
449698595
753259764
627209029
701562584
158716297
930171766
186735844
870136315
734045069
78624192
825287601
370618143
792334411
123624364
237866157
763825060
57889477
655986290
88961528
342581891
511849374
332660142
857910858
295200223
479804751
907627897
391680253
322604146
606805624
167844878
810024755
587186767
239278370
651572038
406756996
829758533
291302222
811765406
910179830
627007937
871648723
477749106
831708010
203945621
550638760
152438576
1408461
120542153
890670839
77452681
216237484
570757087
619172896
496689254
251667700
344384233
729887968
296347327
383189682
969481883
688227081
698832803
938373351
131201487
293002849
74612969
651316810
204099794
741739062
913548193
636842402
368367757
861841694
420179701
439519671
4692193
309309391
987755842
917141779
62950926
978780427
267191755
556286561
182537286
997893125
686052271
481151015
157634215
679822453
602724901
400036095
73445406
142597135
847079518
979448456
419544151
662943299
394471744
987482328
572374791
914843613
706164616
469312490
865154760
332164269
502053642
99088879
593593
388458803
696116129
732505097
10971878
40907941
189955987
227639432
746362454
544956751
72087913
170726646
536997374
252045218
55631795
304614716
743433479
365345794
583644434
615624176
3364732
562584075
638829087
533128553
287659260
386598977
701231819
996921686
540006279
157852909
442396935
209989177
209774891
877368248
194432321
781588066
664934586
675093449
69842146
794797980
307305998
328758567
224213689
382639398
210736020
684449665
447787727
963401441
766094640
123793098
906629020
117996682
876780764
615565167
994032322
997906943
295399480
654407211
647439846
878166221
336622452
411348990
398976535
439945247
265733012
786118296
175024846
492111094
256224854
817792741
29989696
494061861
125196638
357925231
462937996
689502017
693110733
191512731
266927289
977964306
622588110
196186831
624122313
337391936
641270136
696917892
749719253
312181830
964927569
175968857
941720117
241272835
513084244
304261084
162484005
637584680
802406418
878112932
29876
319395436
559929765
961306172
927393402
909382034
946170414
433347884
535949725
370904280
16100062
405401307
26177635
982155163
349120531
897805750
323506133
490984629
697255616
21803274
118218556
516979327
968662519
185874575
727107213
545974137
383974978
905500996
57846500
6271058
511543088
464442014
484473177
344550573
816286108
548709339
38494866
210605689
832585108
59103808
374532230
873457866
892044857
199886757
41540483
249589509
150255163
652486389
916189384
932582980
366281992
770663039
212063236
347378759
737566932
720632095
767576542
131640480
412715205
898096863
246730536
893500836
709192595
349183225
468205948
648579795
756617957
119550414
917339704
330700879
943332780
571893169
435620002
112947877
575016435
508160232
438951459
750982845
476658547
499841183
538562393
970064686
842054514
949046330
853454732
957068411
801722073
782089698
638744218
351868885
938263801
886348907
97774905
979768276
317014912
977358379
145224449
969240638
497782048
691821384
403278433
179767409
833189665
756505606
599375426
962062263
420580331
103394813
986313461
395178941
702993531
520345315
463613019
319217161
509458411
531472313
402343394
388267703
606659364
461217803
324552303
998321028
658719612
262691943
882066740
630183554
886915281
336654534
768360991
454847311
970765028
712959514
139752209
678607177
181424605
27683802
10963146
935666761
796914266
647495858
841427700
388159446
600255612
118673779
439634094
848438671
177974065
722409778
559076444
54048850
459861824
368723445
319336134
784413721
748800076
788376666
646556445
721677169
259516512
418958162
945522222
612890645
785575350
341421881
366115088
184098017
202547722
842776818
688448180
229411281
305250067
420791323
62668364
344448806
82534136
122915904
827307495
918144956
10558830
356816583
57971184
936102715
218597501
626700146
395103213
438882100
681885878
373546049
609432045
42831859
578603203
673772501
872722024
300495824
683173005
551539468
150241422
277378782
520498842
549978899
898075548
580354285
991908547
67545835
690601615
631931783
23583316
726182220
105069554
306931814
115503931
697451963
433891368
298590769
208012627
734271852
34608296
61064709
832610308
901242538
334799985
256915185
80065215
185055818
195360715
854591793
440415239
711336483
802176389
791786216
933371863
113151543
471893939
171291069
604921754
303870277
30378191
560104551
518411840
70052714
371235066
506362022
157494600
852529552
814421723
896841501
728005193
885105695
620740257
70973193
92810140
178451091
773803590
958783414
886816136
921371089
285125044
693417821
482713802
306741838
806861824
411114975
30509175
357363842
707717492
317791231
488706170
229203899
213523911
857123720
993123726
944098371
293873006
278259815
781614033
298874255
573735161
196133016
351074111
276241294
799338488
705242267
369778045
952983077
774337455
654535618
732870604
608140991
455961041
306663894
308095181
265173828
540550265
260454351
969865157
120957651
848092217
324526367
872100639
953053297
367071813
780493561
472302622
441513096
511199017
979398143
496580307
983670623
877237117
339398477
676444392
819753271
354569042
789981871
479292702
208023163
411787100
637345022
63469155
981982099
550117856
595679700
411581482
138655697
459599633
3086452
677318159
108542116
609161838
388064545
826450445
549808699
838005426
11981670
16005224
778883125
985121567
953011978
955103181
572123570
727182666
749387673
862423818
919266479
133629693
60180881
80521955
189330034
107328043
569469039
77869654
679013339
869241316
747278661
765950794
717107738
191177592
474853413
4771515
156417751
517618225
592621372
718640258
600322953
554302941
15829887
673796935
356046106
956807349
844917334
511587984
751555373
969392858
700766745
730178782
631224745
729131931
968182891
901575642
628753935
680043337
790650596
977166227
769722215
715906092
495433159
726529739
828133932
343847594
344245854
132260467
390504678
2676332
58900089
37715713
458102649
441729718
283514243
343172618
696384944
630349677
978166349
13343885
585093051
128055509
265719508
696558420
443340678
489041856
955869261
708005060
293493418
130472686
492438418
524562518
117102664
348927495
822469562
204860151
517811257
35183174
68920568
353488045
15334864
86832529
284185901
865826894
689473311
938661491
817946198
417373148
302149872
808549452
943401294
242253495
679580453
623510293
865177573
240527059
766385492
156876629
307871302
401277231
473094687
998311261
842892305
326923409
948516917
773462318
561039465
533856765
552488605
298075693
903556101
814604576
128417928
351273367
135629820
662272066
950630797
139556327
290203335
607487533
750820458
610531648
913787284
141214596
72467814
387646955
623414483
950430050
6474399
211269087
22958648
739693540
787707801
626239194
886828537
782012378
156547035
777288665
32788253
194128456
989899163
998665302
172399142
302954852
672445389
952628083
407775018
19789399
652058620
39401275
776284105
68962786
120443396
504875163
944490065
522901523
764388442
963972901
579148642
739613277
866152746
521524384
302108679
923364425
785259470
134940631
575262341
425586510
521922086
591461775
852160620
764260614
626816929
428804996
820993332
324340968
906192804
93435693
841413592
82210145
524261583
106963354
662795258
995083177
221143549
599783143
864699591
941236389
541069338
826342546
3436783
735967981
839240226
398502103
575003060
953791731
478674329
48085248
824845748
186855178
922590421
410065835
173640548
201915853
660832913
98356541
75935751
396897534
228104939
330869933
3694317
510812225
300151746
611965055
429902723
104879793
991447059
252451048
616371737
940859948
671159104
902895637
825509573
666263239
959793820
147462975
882284194
443774605
126668946
894361556
611552943
410855993
388836266
512491757
962664651
206051713
121035168
666262372
539194405
589741327
755191066
223232501
386383725
130384850
625990301
422350458
51942468
823345541
625155477
462672068
483778630
593232147
596770272
863384406
870494758
243665082
468398194
633061390
766907957
818099218
659790377
823657673
57049765
347824605
488762198
420391158
360579731
822333119
901619990
977988856
126929858
357249236
560794005
759741912
658050378
556392548
451935737
763003297
372851480
45873206
100586957
704420209
283803843
635902846
133922474
483080797
242562492
662203116
323758144
187636940
837068095
222045200
111406197
603404361
122504833
750090432
815642846
517118185
191730334
928174629
699943544
546569927
331468177
291093093
103206237
332090019
332903379
65821031
84938280
407201448
751416848
566659551
188883095
754894814
770541195
588888764
177720030
23506202
790778087
979838422
579619756
601649301
607966965
202933698
763313073
162416327
490909659
482358501
790688244
768766643
986629034
133982793
543435074
666264804
876038311
789175561
177266411
387185248
94261091
460411243
314942174
427274319
215754560
54591414
492569647
178915879
619098019
679718274
744050203
789133706
286058347
210080312
761825292
379772305
102365013
862091013
386399976
336908931
370353432
597716770
305366642
969152237
253940649
418268857
536142007
298804109
804722379
871059974
122231380
8129177
910837847
981802683
173993779
425326158
79414684
18069740
785145151
275100388
116980685
554685645
872051796
342210313
373590749
581299769
85116435
723909732
506233
75640582
990540268
719296025
53040975
916453663
878909869
752012779
772983015
356249981
977257979
42967571
97820564
460817792
47679776
974499768
124883701
136653740
440856580
401723722
379798088
533465118
172749037
416489032
210550197
600103375
28710335
89853205
410651751
328612573
835630809
187520335
986075543
485173913
755268714
286971045
908073968
284058157
941339051
123212809
505742444
663783396
566673588
840852175
667565401
111084224
841507038
933968917
928372334
847068973
720692834
249986407
421838528
430466353
956814627
76066658
347543511
429002289
464390561
513256625
535082503
923510235
745684856
324744018
861810847
53638400
580623283
517877187
847235553
111846724
6943752
605929562
126383913
202208017
676476769
848418252
958614117
55919669
929060959
179915983
567569766
504435795
81610505
461867851
384482152
967226596
216715633
94229861
134233300
461777644
94249280
380065157
540843756
399022051
796036565
255768016
500082706
5804725
852526467
921650184
615593144
106200720
551572817
449610938
723899649
477202112
200077922
708325916
309613043
114825621
117846650
471575942
109886056
513474325
34729503
680617820
511569748
671970126
121018726
323544513
273492326
511406081
500832702
459699295
244045804
597188404
381068622
757987889
155494067
448399844
95003919
848967422
769211130
346559039
152873555
596008846
741368874
255766901
363622762
519481503
63625615
971041526
259923606
410995157
124117985
760910816
150578923
676239065
565610209
836585858
794765014
381107290
406602038
545503060
480046585
407157803
703139198
786125928
290237168
973810308
843451986
71080304
481486639
768460532
288224363
658899703
754310680
881647700
439752876
675075281
681928997
338233886
688207219
780915460
725101720
36851740
920778915
476913866
334417192
804174575
312102858
723160853
647297571
306859053
559852498
754869768
452219632
501241929
736089951
179921166
949303163
70739036
461909622
994736328
996656782
227379173
866116578
216497624
710139603
263934558
630057457
825425844
40320383
850493336
447693023
276329927
541837676
724085641
153002350
748381491
965635218
898380390
914502865
820221727
157213355
941488736
8695399
96166072
395813538
248526068
349594559
327225861
95301910
994395966
284152417
43701124
408102574
890642561
7924969
352009725
709566168
69584141
427299933
665506859
304670524
959365701
839601788
720625906
14064306
967606570
914233687
734566156
384544953
786948221
521941882
432630739
783299065
900894007
864558186
495740168
493988868
836728468
541238516
138200681
947576432
973128984
464697708
72288759
455687032
27676822
972360524
114679318
335896998
533753721
42609003
74473013
455695668
399448781
221795025
980522904
894997271
8401837
103218450
433292382
787808471
912624383
444801466
309875271
196410154
569977478
253228670
893836591
373729114
274191352
158621877
802478525
83626089
357032268
889745236
131463252
530570623
673322363
518215589
372352778
573703691
443012954
688828669
983123575
763424357
179633740
831546240
981551999
332023676
960779263
873816623
185820020
245048506
958404912
356295840
706560837
352475990
580286690
922304851
6708050
541068022
966304294
622854645
322853548
455845407
98907064
867112678
306553942
384057414
899683522
354051698
387133414
742728139
319277586
87204225
406280405
201015716
849148470
282457174
106367046
472716136
689417141
489191149
431281108
805850623
182909849
345927910
368843647
528811973
851032856
733427702
55917004
673108991
77990663
554359752
970473329
60774983
168771712
133091119
26517532
435470280
643788318
744466390
552078687
226597051
235196493
203072288
52826357
197668439
751265432
322039336
682953440
425143103
578346546
898816844
55404433
910888492
808046529
7984904
18888122
176775019
735772352
261853878
954105850
837929035
264824223
956317404
13134141
62581318
346591306
702631758
401004325
354217055
385874964
679659
96814903
627629902
836215363
452806325
912402047
414573257
159008131
592332369
46665428
12530271
519816460
702234361
699640163
82958333
963248289
253396040
198339677
852380789
581036806
172501855
303115972
207332090
947966069
764353862
818853342
632651582
626189943
15309169
502146659
506123635
261373034
888872764
130006460
158182681
208277762
433650985
878679199
172885672
699324361
535460581
642002274
400408931
653524662
684111541
460312582
996924124
37103747
601997224
916242081
17450918
351740758
259514259
655653604
340065101
750428020
147022263
817574521
184607283
321633175
682722048
31332054
395226438
280744203
878783762
839673249
739418121
931913826
675829629
751789305
70666288
339607715
321237104
809283736
670476974
367539419
241571436
645594647
432507459
504973544
497353609
825989235
818185955
346874852
822574379
66122188
220542482
329278258
709293024
613269424
391629807
295853153
975446121
678563980
654550660
78364917
693809467
205111288
76693218
109812151
263299212
399172867
544638486
237232365
2022571
575582772
430260156
50114409
271805754
235746294
315931284
912331799
946350332
296950124
226260582
450695931
13900134
394521022
788815474
41931058
225787949
797738920
602539906
579594294
141021579
291875237
752761236
329075569
266661523
587832572
751614168
841844919
927197439
514332548
91702220
920687581
874875573
511221560
687202423
280315399
261280411
467148554
813997767
470308600
487110728
253548774
868606018
327989978
835700909
59488110
825924775
607849817
556457977
468361986
421299304
9963960
686855775
498117368
426338063
294876731
970837027
295950802
902717755
504712367
212635957
920265033
894674204
891507376
712048659
469927012
276852169
945934322
728534429
194987914
358112171
305897648
113524896
232544152
873767841
364631770
438958942
106595400
356166292
300112246
697309807
220033326
413441281
289422219
564700209
452355744
898567384
1180880
965111695
862065530
921820425
822484621
904955471
328735942
611588016
122887217
203377726
917551765
857182529
545363443
969292654
952714304
647256583
262908230
247586945
102911210
777205049
935326218
442162012
675484899
31136283
485552836
738775007
254192018
341838460
415597493
833288417
299179321
988992733
275846774
681056249
82609916
955110656
17298614
917072062
478743155
311538408
629207079
290011295
488997667
892328223
551986375
575375225
882017226
379202457
726961479
997021527
603610015
507546915
928406565
422656761
189624072
765418362
865513365
531043336
967972004
773691064
453683649
842182448
331880785
766350718
808442410
168760198
414841528
782815427
516577219
20919053
134467754
851305836
509255319
291304140
127659434
711880326
413682559
314860274
730393811
995403031
271323300
351841301
424908333
353499816
789967868
325149582
211164681
765996622
197141114
250201501
332571789
306571699
124062470
702665894
103655768
712139025
333580989
329742323
493321179
794553116
844699845
116738434
977387650
996003394
5511123
478180814
535082543
532927021
488153911
479155858
696950741
965928150
696030623
499144476
943068710
412588351
756301995
846029045
614645043
196901218
536439231
955492755
695235991
354548959
582236877
338347622
205086914
808690875
595529279
667494429
830354039
671387605
32888241
7441143
817222972
42433542
391476980
785723003
617875084
471491278
447550398
176793701
60934931
281614877
273106948
930853282
242990898
41946906
339355967
786544913
942233303
31289785
337881346
192290409
894112610
203567674
980077746
345172194
378197197
902657325
634621806
388931067
854590597
451204291
482359572
221857395
563750746
207216653
467952845
331227089
363802539
375353353
916309606
212497533
414812734
45616554
382403199
859413196
537192149
25109766
647698463
26451697
170744926
962544025
585515506
135735597
98071869
167601245
295449022
998123129
556905803
317707641
121091746
142550719
178234590
519003327
327101589
743616918
966589310
207661086
557977401
403819108
398168827
678791923
453871401
297273938
782678424
507445257
462383187
247476259
30158414
121746844
339218280
102263570
911041844
470439362
474673731
574903219
380249610
167489268
772541954
470303157
281897748
312577437
507159367
312008115
988436776
104406922
622837697
188948374
749852441
328363832
735578375
279726097
544807116
129570343
286588120
345468884
349708614
388629309
649248932
416452372
249467177
221247797
691472697
71939206
580342898
657575110
152443829
853788228
98676881
912835836
867530559
592687398
110463507
702409577
418777532
620424839
612740935
791050068
951178977
780125363
678759507
652545806
841001847
305757646
690900993
231368197
243930110
726108851
187069147
755477243
553715605
992573470
447156431
682329753
593298249
944766667
839581264
321697473
509672019
33795099
141846324
771720569
841220952
253744729
947470947
887811150
37610837
306686296
704117255
602555525
125738767
896619227
159271595
922249263
255464888
147933215
324275500
59438825
351717509
289157248
498357502
589397643
981442306
744195735
656461125
116728098
903948489
254688739
286766967
407783210
521612492
582418308
579743392
525745070
313884852
10918587
446627136
530127871
586169490
346304992
21741432
405392285
978413324
124294218
189204188
977914344
998267861
997140425
56668605
916717866
728217201
787756030
933507537
246819939
158044124
298039146
783313241
71347327
312464683
844217112
579439708
863260444
432330268
460968895
36986139
48180243
894641024
425462122
468887935
970245625
849215046
521754714
198402700
493771143
738310035
230113856
226161425
321827922
712152707
489759811
510327808
899781640
402567335
105039898
395230073
286623575
763293105
345834228
80167379
455147187
873279394
168317152
752698231
487474280
766687916
818509367
66245047
892406029
851105788
788439262
281962987
834388529
235564474
244822564
689851239
244854847
796489840
514246313
290931646
328286485
695589458
485928799
816545756
777606258
382321681
536367705
249758236
961031214
817298674
653883650
256168625
286486643
858672415
421036246
65160424
489307905
361930668
866303257
117053448
176913342
796648760
658791001
318080089
995102980
58387529
200063207
663973283
884548906
699012962
138401145
828777794
466915440
32821057
172942709
321717671
280086366
305066227
971821546
983380979
749052209
433224155
952624709
413909545
558271007
306031566
285636886
496082007
277997782
975576189
305755891
843140385
1623721
372842321
504078190
403727881
742083935
984801466
390178005
12387902
937599492
545325185
274859439
417691815
485082614
798377457
464328548
648145795
160664996
633724060
794459323
535380451
153309128
542991524
963540358
890490658
797839231
985194483
73851564
294267886
481444870
845572944
470272559
610213437
979203634
707540502
359721010
560451111
966784193
207513756
270877260
980793300
25980498
454042079
213165189
567694895
30803134
941333794
335637450
966117502
511375929
434494242
392343943
200694417
342087320
414519945
444123069
375772454
7262891
848159189
126129799
51710953
975814568
527835914
691667431
307093040
267983759
197240215
166182576
538281370
982395208
403336659
705791661
92643790
510281030
670259069
689652314
355208214
270003674
351045020
815043813
552626334
998023947
18647149
205819097
833034445
201843557
578821909
991813587
488519219
401768216
777902882
830349427
349267339
291730849
27321227
817112396
757771497
568929297
938845107
307177688
780795864
202616268
593008294
406160633
934091160
478901074
175074695
685052679
265635685
281033763
59060115
727591284
518918274
995927041
570326212
481194976
255601213
447648467
331812827
698809515
943151188
710048622
92084356
410356939
574629546
523995674
96414517
895407437
69022703
466287075
756021642
10233369
660572566
756297586
262358601
938385640
174977487
466912968
700001728
220262282
498615887
67469726
43305443
864453325
528049786
521506672
461494445
523336946
809724212
892423041
448881281
12563684
443648847
380883186
876541792
983879974
493616899
491641502
187577448
213076181
611303893
824911076
480635243
246266148
259517582
951283428
247999397
350087211
257504603
186012349
157250747
828446520
665550318
966360736
770610714
608521912
329928727
670138250
446382863
173008417
737189411
485442771
506636717
131379260
97837707
842526312
676254757
251066424
358665323
344142809
749158393
498892256
619903490
136331380
958097747
643329369
169692055
535086842
809196317
897671547
294271238
608364144
285810095
560367189
205560812
855333035
212557960
562857291
31565446
89818314
738537064
263639223
644149139
261514569
714134019
930560246
296398584
472087985
928213084
268768139
462738552
944832612
333788577
333038761
998249658
456683534
955838045
656133141
13708401
540880913
712971361
898944957
570812017
563668688
263200511
371049537
24021593
850724063
751337947
648110193
721228297
72161487
809799772
359050752
74699056
723352916
725677577
236886118
660575530
711233094
754123947
333587420
297798693
162552858
132073360
617313838
723011301
373769445
81169035
343294929
890305397
887918065
898333913
804814020
963156068
566921840
169249901
186195184
714915899
878167135
442888866
90698152
640748077
768715267
155197705
422031930
513632858
943545956
162790677
409984546
81563599
731843627
310023152
853868137
600077383
805349647
231305780
620540873
404451651
211054694
302031179
356472917
316101683
942858687
26885260
614787186
467554226
834869644
407845509
786746763
662518999
478745422
638094144
317929250
724771232
770040185
729808616
266623552
732639752
542369078
463830852
376513436
958677865
840165732
15933610
720887915
349519247
830180690
45235910
183786523
492060985
108593033
852141698
305630353
413743389
805105422
566572970
124609458
649076805
891903609
946778146
688851222
289786758
517109145
83995159
851433816
988923364
538833610
281111006
884403804
935566363
681843494
94461614
329626997
738604001
323840405
803736529
507317969
12614476
971643163
504937279
451757740
362552404
902435345
565330063
497927984
653394968
385796110
897561715
19865841
268080739
409846034
161081661
568228007
872056853
594398100
798490457
836762118
796829955
699382419
696375063
883412935
481678296
280821811
967947956
622778238
98016393
58553458
252037966
140362111
648943496
455506843
620846366
613580340
609480798
153161262
646263806
974842835
891169777
230100373
139445602
645949978
863514262
365362792
102538173
735428032
844476598
66826560
453023565
467255672
902482388
429075379
981171780
594180102
21181232
217426536
575280766
212416739
247074293
399470581
669311755
913686443
35147595
799580654
765923749
667563419
109203597
267511002
32787556
488905812
972243113
578043667
961006201
424280896
216362268
777988740
618782242
705523920
377990412
439441188
896140536
422030658
841253311
109256375
731300999
811550032
188451417
442681088
497702716
640050988
284833067
847745600
102823819
149846481
573232919
204881297
868226355
340180926
540832079
763453809
141397759
27875588
656507786
118298093
579650581
251157501
499654402
306521503
450784748
785099696
418439553
86432020
19106722
509319695
349802079
339336835
899006032
961402842
204149479
94337608
266052497
567132404
953025992
160976449
439613915
133151428
856847667
775048543
276558715
916119568
700338801
32686994
156720207
489888741
554460704
733816605
126700109
401507163
650394374
559055687
364952016
197348036
542605173
462165545
356548440
29354551
48471851
885758757
300928449
511314965
415109297
453919970
630530742
353276929
395377474
636163140
327410834
258051070
205759227
216308755
673427602
100556580
366588677
363223582
848328866
174626071
949606829
973166142
149951979
689741025
201150317
371380064
20890700
126744565
124806784
132451306
846733087
782051320
870070006
231620005
546779166
531065093
169999282
348246531
318404290
152168242
444168010
224407042
596705562
247787155
263162773
959922769
480292721
76145468
158344844
356266039
779215272
364789625
410111126
414132238
844053035
735965461
658154765
28353063
466360235
579328569
304217892
534198186
120873129
200869909
668751272
710916019
615442276
916817167
670101586
45058252
840326580
763408144
857005571
81039334
264127787
926736232
714799614
155290759
15765495
434719061
988339783
804508931
8042532
704520542
541001532
1056557
723701141
311926235
535052015
984882336
954033257
534281562
445673221
167823282
685648433
85672069
487976554
178666029
784428744
861086847
837168899
785070336
809868008
141242409
405550167
906253053
479412092
751932858
191009169
432093643
91532125
775379732
107491189
50620486
575156137
393501903
505369263
174713122
923559198
663503268
485283199
774118152
927226513
828435264
443123314
12435467
976290333
631772317
846191482
373425249
602418943
445613480
381454310
206473904
998253490
998718225
544150108
583548239
365788778
532060468
688464080
119833211
689602358
450208981
325192671
417866259
35545084
189014448
710474737
600080061
677520615
825565978
583753732
817407799
261270622
321646292
991864972
311206184
537643617
721877408
117448281
969769869
226913310
19494918
848570766
374456829
159637612
763559538
74199772
970546401
336950613
859206089
149649191
542038127
731251694
468209189
289113397
655169241
298773146
14348539
930391357
650576877
446768169
232225773
670212811
336776450
15813229
487739502
229649604
801547167
10543734
520338033
631876105
943844395
974814927
820930325
984329018
405897261
492674788
782310001
628980264
604956037
41960848
189221572
664188857
106370615
387390551
224948601
407995098
113975924
49982785
953668209
868537665
349954170
105801879
762698535
630929474
458830652
946532526
39013474
150476721
223637234
533904559
765551455
75119341
704985584
33284183
848748402
611964950
287450812
792546720
649523264
253715443
434049005
908366038
769007731
573949331
9151143
531813481
358217015
751648491
50766712
135128217
325104491
551121336
903480816
316632985
874729929
189740504
437125748
914293248
202749733
654275969
676594964
828733621
684338469
346885024
11984380
973068508
105249317
491842868
372433549
658937901
239765342
73369692
295831374
431117998
862232414
914410840
677228814
470040919
340348081
508459551
724142772
675180942
875784186
621489553
735572828
859921935
940080638
246341260
921311509
75875142
484373026
598066598
944982086
876610309
652274244
432197492
419445483
708639446
359137474
713711752
332127669
726382890
116930645
25507621
476678745
968271335
242766260
127858847
633263113
107993207
595198901
291665124
503493831
696805011
990110471
19072768
23108421
405125929
890400519
555228620
727460276
176692910
757626362
978599955
576407533
329243931
20851497
616517904
410810601
926270210
658945786
119309953
212481494
454761224
929584516
966572007
149232508
515970965
802125355
203802110
394429228
267314084
842979027
76024490
172374113
207713619
316939917
843420975
338101833
721093368
857189663
123349228
682227958
724903829
611241353
899691535
542751945
963120495
577487870
176194513
658301301
388526008
963807759
329742901
760684494
234280430
293885725
794060232
851572073
146938180
627932724
900492431
962193395
851302556
331427700
317269204
844166594
47246344
469962165
236620149
395939874
91785942
934798021
603171801
267015743
305381328
422842685
210673567
655086082
243796549
831444211
513462113
351344694
801807605
143513397
73084079
532025606
856361052
636638744
937172928
862664557
397305134
595498524
575412095
137275091
653531345
597036483
667871943
724630272
123662219
938748299
236586569
795140903
158333674
414917304
19821777
229232242
58310130
231947046
990085760
715298132
566886669
900659939
767189001
738042673
648858130
601729563
340572228
849138436
101443657
623206383
158394831
746231940
89445153
735064465
758264252
100062446
579852417
334239768
100167589
110295782
379685388
640225118
654704400
660952861
648997151
270436930
390185794
449670871
836711450
622563812
165729831
96987257
557640849
755917295
92152758
282693678
432658877
127871268
982704185
288699826
430739632
848335778
862635374
555294470
29436714
211354819
987658411
667299880
573467220
951461605
622840227
561376771
48015268
150572258
477087921
781855872
949261598
50454599
847833422
43747618
234501724
666080242
519606549
234026075
24514087
42802581
362843144
897035041
447974652
177873142
321339325
139515532
176916101
267128405
815764661
766666589
583297879
901369845
692370486
984383203
672932917
107228805
790407492
612048376
558057911
261865539
96992493
840215428
578515643
408034604
417897585
867091526
978245116
918726561
783321254
584933157
74128107
338360425
358106307
244726962
177942385
852762070
190482575
231877529
348914509
918182818
85029206
578625850
944272754
434661937
609041536
524651265
167469603
668966227
799622956
783056251
575724079
598919493
732161475
500561628
95876764
846591758
998650094
576400259
166142993
627818995
711888378
740082729
413989407
905562274
470316565
831258378
891140600
383075482
87718013
819734036
736347712
516080416
87931724
122577722
336624884
558833054
482501600
445523897
474837934
199446532
140876053
44902465
19549322
433478697
995941549
233779720
833267619
235709186
689857666
466200098
972684547
400218150
948295118
963734362
811477238
524718311
297360323
732299483
929298095
493886626
667725350
534331242
531820825
567559777
494004238
636359972
296301744
77422113
666258924
372696435
80891237
987443410
282289619
696504677
578195581
516593043
519652787
774371691
152105930
207004412
582018704
58921618
836194919
203568960
6822375
173203222
621196863
892339819
141159399
68705961
672837035
413594544
567260716
43506501
720770231
998203105
340694034
384174819
799792894
254664671
927641393
925479459
104323820
548193543
49604692
816153493
743541344
743328161
449914405
470367752
421317734
456655016
658868444
463372545
970960908
682430801
161457061
629569826
928727474
936904519
805158326
119223956
167568184
839520733
582912809
397475342
216376751
568315886
443897678
371987379
546128139
422930674
433966392
513120769
512674144
933557764
220182180
637673104
150609187
336351758
848573482
53819264
624740389
150441012
950282474
253856670
894758734
438350691
528193550
199081762
492763301
519397729
439430339
394866819
360593984
834785940
705965621
262512918
486953296
420026314
806776537
661305997
99460198
998377430
45213254
224836168
175540217
446591095
120438434
727868479
228000098
368063876
129235871
491098331
23978370
641417924
87040311
621085214
158079425
913611181
349247026
179017191
375654534
692088738
453688407
330313776
999385995
863724782
740645442
459492007
466203349
30484257
368518273
411193230
128087786
884137924
779840101
816857480
879609131
743432509
432430452
403108083
358578265
940873654
266000749
181075471
964981592
689666392
873012158
504358028
44543641
5474403
85953479
745766516
94404815
242440728
46965072
984019138
755617854
255709597
961743355
877761510
961585050
528804698
268780614
751497667
948592587
852956306
159356024
558398576
726714005
682334790
871967382
712143333
999894031
651274858
217185382
929380130
78717846
218830429
766846337
652627050
502954229
864038648
302085423
741720054
695636004
306898575
285170231
919340694
768493451
625542865
452525540
391578625
484110003
721240678
971175979
123988635
187330390
316833385
513513523
114531311
608724862
22686719
225220857
125288296
428515352
785603562
142501490
17455348
656192024
256820970
338516672
250449043
557472787
427975223
821807097
344279880
846175075
819107483
878346363
327131256
649602396
930655785
425230740
937261973
173076574
217088879
910829781
852350159
756141109
923943633
867758602
399602370
237608992
412434876
2542443
284788894
945717998
645036489
559868628
151138994
3142054
141606951
428362691
223162615
825517470
471711188
717219605
318992094
88893768
522001428
446295471
907500214
1443652
915627670
820444440
564087952
772978
1962188
471991494
519046910
648429761
699020127
221452968
53380587
948294365
454061416
732897626
159306974
604752308
392721542
391203797
694749127
97674071
66143326
42575702
52497790
985025329
500350779
707962448
71514275
8003643
928923808
856132343
340382268
771404000
102107880
442407587
556537999
479070595
145874635
786147638
932558120
751816558
650041683
477985018
869288576
886087499
115489362
279396895
490746914
628714439
154705782
846569647
717795070
276543556
246691972
366185360
54286455
492097497
359970862
559182488
546812735
249963626
721870586
152767188
140211146
9584705
140195739
60709559
613109562
679792290
752080663
680473722
954106763
350829150
791824481
339338852
286633676
708021495
216360064
507937811
687866092
735112310
358521448
127696993
962740420
123942713
183061322
737602971
109391061
147820774
688753743
757147016
789529125
876178969
85754144
478277881
156961128
785161806
93855847
600247729
737317091
483012518
573909186
348280676
688090626
156308398
779803843
767605659
106963740
593154456
498762089
791794398
915813235
877181353
397821084
592108234
580931192
97779340
677072991
803634239
210607428
258938064
70512481
88316070
763020634
855803883
136830705
461316737
339051921
634469524
329884736
283569287
165774058
439342016
656632419
709338313
983730937
460244169
386501433
871039254
16652855
37875273
59480780
459779461
153665528
753782932
174408286
293893624
818929760
603408496
991764024
739782206
924358434
822906323
877519530
35581689
697952505
928420512
702123285
305269296
111239378
68179122
666755616
980242961
487154661
595980947
797630884
750234840
242201911
663142079
737404913
560568598
753763986
946239083
114853856
95751358
647241220
166482685
836286002
272322655
598353118
659376853
772679126
697074750
391030576
202267315
615813792
231691516
273939548
977162490
66912209
230322625
849461183
232340472
288473717
798741349
618577016
69901022
960057923
167515998
443664575
909994959
470987312
148080148
769523936
362536045
280350613
578248785
137584353
701161528
103346145
338057824
252289705
760987875
772523342
318793312
134599670
585543134
364808637
239876331
908087569
988949004
988121237
82128122
310073400
821107746
783924472
63285381
193863019
647249112
431206694
207724865
191305982
710512814
449642985
434803979
201101177
950524374
733116982
486946160
407776399
443528062
219821050
133898864
436043528
313129221
148038469
527643394
84049088
657333133
841429929
866641010
983344820
653619525
833580633
76580275
99499625
605159811
871331293
255402720
209108156
148908737
462678817
730265593
621756594
938565127
125905458
272294823
532672330
965535578
388253665
993180334
304910365
742187634
268308801
679880384
175329263
243509307
815038860
544781821
6748364
484536561
133241081
30041038
94154702
941681500
439615405
557580801
850625713
418308258
407902693
967941629
69158111
98652138
89468366
227048021
996892921
310516814
137619434
282392320
207891495
497140848
809569652
914154972
821117837
481303860
752310605
674493390
532805188
783217300
947466910
795097938
986461650
564060712
12132282
137342898
135708505
707163380
923258719
593335332
103189682
330652142
797801390
334862378
539598084
751650220
955564142
995378300
868421881
816261813
453304304
479198744
935162338
965098398
70145660
699402976
251327092
734107274
119928822
783941461
109627166
304730158
597413058
595755313
523031660
889087513
930921765
645850045
747575579
202024700
444228402
223384347
164746007
604840798
515193965
202642288
444051210
33992307
757324896
667062282
800019876
765613834
953848174
194175840
461024261
380452293
485257713
383014683
615294930
27565426
639276734
526610362
370985985
266276902
158470854
339905257
604585967
480470484
224655851
499924788
310239863
354227752
871953456
11595516
66504008
578095110
740031700
486839653
95474504
982272491
728305486
434731512
922999717
852071692
894851963
932558108
769065822
571590806
105261501
495335056
159822285
678402399
397779813
670389699
309186188
261836996
500007974
814443209
880323339
807291583
730029683
76884963
777406709
75404139
392173653
87841210
142812558
362710102
450720742
543738578
147055684
246959732
686656675
666215039
112014952
488733114
450275273
134221047
866908218
525746696
338169937
280767477
848317891
238933762
691257004
495424029
883249812
308904223
909871347
288547004
433211599
996755236
456480974
883597482
585889594
960970439
938449466
759671179
803346533
118097595
971788356
627294758
784175789
452741287
973600018
215298648
467356929
846529251
752656751
264684257
968875436
836421925
187815236
318493355
95490027
259326002
632621874
317509068
94282421
869763195
557422210
15366348
839438588
670332277
749404660
754252855
242514965
585479757
978843649
61215024
862029003
729923503
100881035
619143855
691258754
681471452
182226505
820516563
408912952
286459019
800578232
492654399
758782646
387402209
377125689
946718815
142653333
895172534
165113660
721658866
986018214
733577480
314003860
637367585
558396112
151899138
271110012
230450998
627638208
961637581
744028475
642205988
408237039
203873925
521418981
846339709
943710576
620877460
850675017
908590677
960315198
85681571
441917305
652218209
886535259
823492368
267507994
420742349
670062422
650003021
518101456
106845364
549114297
318558118
696421719
691048551
516318415
588230920
573517244
815005399
396692827
337756380
907280724
344746935
776396372
982710045
433782758
73487006
52375230
25399673
172602908
448328387
810507201
596594678
93887221
118105627
885033367
291039361
31595250
414746553
673473111
194509087
189261821
36919785
859848187
242789458
415094158
120127451
972333183
929622908
510899549
28925579
539503416
201084082
231200556
605461532
920447644
141286366
835892668
348631591
445368981
826642613
293823170
704525805
56837497
40243784
284021789
433200269
553091022
623279701
867500538
168492844
571108509
148829402
456274535
340288184
129455410
126273015
503013361
141110423
583927340
892294375
432200489
185467944
723578986
468473413
805623431
164115768
996846544
41105943
155464118
518280030
100340622
763020787
510827515
39097697
271245113
836556839
237978333
43048018
809281021
26594247
727328636
187838131
12883072
722184763
334204667
221363451
886669860
366496661
966551481
996970911
859665165
280227429
995767644
384202204
802816
636828580
837560792
639923942
368599146
236401417
605310073
237974057
629108494
73280558
806318113
114111406
648026386
209080510
728346516
166844862
253911978
766454731
534336975
396132654
718312321
870302595
742038986
596172601
641414669
232760819
82085857
900703706
197822724
32324233
992605641
156932465
64078172
378012479
609316318
183809568
913098104
198429415
920416051
536619897
28336458
687333960
226701456
513938885
38696869
305551943
630847747
464105807
583841307
945601366
678722506
561586877
14314438
289027892
587314982
326470427
132245079
168285404
515942123
251332048
343859936
626405998
165579501
230855327
93747178
590037240
253217109
897861164
868902486
894871601
385589935
306835468
884078092
247304820
363639197
379443994
685140441
488469960
639959206
235269645
301826560
603235530
453823715
142446690
25197750
396239597
76765910
136427072
455081472
388760063
884149165
70842074
593526120
516700476
523444368
409930640
709686820
403006126
720370582
91028429
557422550
144615707
693476337
137572886
116872812
849624126
682581247
528734099
951705772
751436639
736845223
210102252
329475866
582601676
308668137
72958841
494502866
560700670
345342824
373203455
970221087
401016114
846597797
756930771
710146500
791650012
725626688
699061260
622867013
646779369
857753013
208532417
411407051
283565847
153998830
29929856
842060140
21322114
399260078
433425511
502684772
509418703
868868636
808518916
550840987
325921851
495896419
132046149
130763271
577816299
885835947
693250952
482321720
473905695
632540739
342022820
401614879
999070599
724209738
390837708
370270061
500468119
679404909
282607233
163955617
179956467
292602603
996069088
823191998
788320798
479575775
412815358
184932496
19393394
660737351
472583563
749799376
362691564
826021009
239539344
716091062
520424886
316332072
102367822
998180596
651384891
558616556
861140402
803462193
187265038
953833665
17338267
689933877
762065460
140404214
916973416
530111631
391869817
230957758
468971346
957096834
117629797
825780762
159018464
126395590
839453680
16457652
142590626
973779459
971925822
851629596
492949615
72178366
975673974
351287814
573744851
222860433
34073677
859861624
987104451
915638300
588711516
229082497
136363259
582596711
390529583
810376784
410210072
904721874
191918949
554396293
272972185
805444951
375744398
208518267
919883996
971828365
564871684
114890912
810365811
299033106
92132532
451711613
838939294
821788792
394855728
111744041
67474383
54377457
162609100
573682614
441701426
295067816
838372267
113145153
384523794
475008071
940596844
546070604
943072547
788562695
665710787
357378543
625467392
886957477
474549055
749409941
215823364
878100740
273668576
398803726
376042426
295822645
172294778
740878685
790487954
472424514
461025024
249556001
712834527
513529143
709521860
449415782
10200981
904505818
180701289
96886139
361099643
689806047
774609956
385447777
581170296
186329279
821086110
929932809
929107067
973332392
439989228
767537500
74685033
567020883
970468319
928698261
714984947
640751293
288541548
325639814
991567632
210383559
582836422
317770523
841328355
710885230
88521238
397991856
780089482
380917342
332648713
556150919
983186500
521699695
285245076
271442320
13023227
678750303
900689319
532767512
894245566
597025264
893323036
466230313
646391996
408929101
846382536
135019992
628757449
163309166
519084338
741657340
178381491
948248837
80712003
621609316
500183195
885359496
931598798
378106590
897301437
300204896
963673768
517704507
185265685
206911360
627024530
236563330
127819470
873654609
422847557
647023686
544127611
59221058
830074898
502291110
130744081
336702564
98174564
212107155
660251499
84690748
527807823
368222824
552115786
672832947
237710509
471141444
969757936
690512569
286731469
281991473
378448419
142124625
967793245
282701834
864162815
195800867
785923909
299067609
181298435
540631634
620780810
743048096
797351512
72194307
11663293
360485287
429326749
836188943
618795243
629071874
708156718
140259512
177021368
705795177
400547285
227148916
963716325
887792168
674829700
641802039
310439362
465779196
69218566
706916332
399172978
703496823
662816367
784919836
569706296
633357780
605730851
608944911
243355381
71694048
775597331
942014541
427992982
45420817
883974250
568678035
763938059
846776080
274039397
772828273
213199758
62370119
129520875
757437347
504542202
990148752
234056027
153876899
662958366
674870784
939791488
979665307
702043000
305504341
508026728
831066578
941704726
250532625
980682088
862176138
637724599
899260600
1522073
572612955
663795990
845599436
300470204
273327688
142715528
137281982
177988495
225549895
369919147
929312516
810395847
983179791
646191745
274698750
845580977
957719685
273702438
692645247
325655555
539634843
218359747
330339200
800460428
603055007
552443398
951242929
924240230
518809240
266497536
793840476
909543963
592902036
428760715
803942858
816590259
511461825
805910090
27246005
872872989
705925648
486024584
742885166
754460441
618935346
140282317
700111799
314352640
290478796
986659493
294908397
192573227
296973988
335405212
591822838
193837073
831487858
886847840
892639332
207526388
930835199
831506908
553893611
310567019
228808199
195738003
188886048
174711256
527627932
59867532
610082757
9632186
764085932
229431348
558459457
967566219
325288419
553537131
930538070
172536907
575321871
380144414
362227402
543245467
336701418
923871952
33628721
594270599
950968354
659820118
192744029
287186659
710312841
197866804
104421346
433144975
479885365
492672440
210278048
167229752
823050274
538394611
88140693
383588455
577354347
642141648
216094148
217960860
584630432
228498748
634340283
102596684
419412308
422759128
68178082
906617400
901965801
636745484
407765990
546949000
705133806
582115857
561603851
237996911
431117353
618254478
350381621
304438964
295597278
405579438
518825612
579264921
671545742
987744079
90516310
977595437
228151524
755962923
895222361
737676983
442089417
914199877
526372920
911758495
630747201
374767777
861174801
454460491
394971585
663890017
157757997
903783056
314584279
905349990
53636163
288788528
455878786
871933531
898190796
75955333
246722086
949906935
807148810
943329363
92431799
834443552
690812671
342016088
905570053
652318670
646878853
508565964
219149360
730939196
66429598
148413389
350918244
849388201
838077096
212355261
135633695
798585395
781781311
995945995
26628289
650870028
108261134
6422695
465770313
837815776
140149357
870319144
873956989
798787983
962777090
834213991
137655000
615059944
336878786
712018164
119942946
712107591
629487224
768326100
207444701
512551411
819529614
655727613
79653906
58155045
752042623
652738661
35902826
829791049
579995080
298991429
438089013
793130162
307638824
233514185
499189563
775163898
107743838
191470008
472956851
496398990
496813795
578741839
796590450
475149162
967021004
227441999
285918515
8258722
611356280
368768130
555842125
57522855
250526878
982058742
513500889
97272284
550503778
356285027
232974404
622191152
718028707
733054540
904716925
212291579
97530544
860098566
941296650
182780156
659261895
157954053
851581031
94251073
105194433
809306112
454534809
760816252
391026947
126424017
147335434
886412418
441132535
366598812
101885599
450471121
575713511
814705972
541143931
478259646
626978390
41600829
182889077
455910344
666458965
946254039
555299333
593293987
858663730
495948551
681968699
66449707
383361754
567264003
803603321
27522158
134238995
247844141
297715163
707477394
216030169
1708080
696267971
390191945
245540685
338500612
640737093
910105582
230492120
184948196
337484878
462741846
646120346
158343411
702548991
88457873
281263055
481629619
279805986
592976850
641936096
765980160
448079699
133434617
324235325
938621474
869689906
310083261
676209253
83919846
636618419
940136441
195751778
383436117
217623416
142942849
514161101
927909803
668903929
734524496
573957097
359220084
301635223
394238498
948999496
603894948
163559711
321208650
340034954
141599992
579748428
64459579
580912696
937158044
4244453
929195449
627904546
352571006
11159121
872094901
15304751
383903171
14252348
837309095
807790029
849399058
479359276
381616625
200497423
204434587
817706201
317824191
42241489
852319969
827342291
332014632
130496629
394537086
964724234
296394250
204935549
479085548
309715997
340210115
607554335
978449396
703968913
247947198
514199519
518525797
877537077
335393004
741147314
489088792
451113499
807873362
301453072
695517169
422241117
311935440
142662680
5134846
713779360
576892820
527068267
201482601
91977490
298911050
471412774
650942626
213651242
435338562
231414364
714032328
101141333
76698264
751727436
811626732
168148763
981786700
913463915
854195353
481483837
716716675
316862174
721200977
812734002
758132320
246960356
440297989
719089014
522689077
470099072
374967830
801833644
257300547
332738156
94955531
400762394
832287959
448474656
215071828
417201132
855095141
370183389
703358032
79623992
801780967
179464303
838741074
491235125
655965040
995542744
650564661
883661332
191919490
601136694
581867167
473300762
393933872
367700080
527479322
652668046
598558065
271444495
350753062
313119237
383450876
641417145
979205649
886704009
142628898
139955426
395060389
295937004
249254208
978129386
375915556
241841098
432841841
358283174
105344853
146692091
21671935
817189000
110947963
609179293
578364309
517699370
66668623
694983151
954600103
359856123
657286522
898431852
455790043
187135450
841669824
195924479
500882103
975180960
288510691
230434362
953621011
529805355
291214162
130137688
196737795
343046156
799101855
229897538
386376671
577486422
266341924
389657706
385681006
801491888
498520027
269487423
398725251
741044333
522468296
205453479
485408180
732285591
978305387
680486127
240140120
756375986
329514532
497064407
167378612
225332328
581809306
175057556
923932964
593633152
231536794
533077941
252237998
278017901
293206644
494269860
507978025
104463890
512908221
351629673
704880488
337200030
290722710
585204098
104084774
409058070
254261143
583866018
837947394
232588186
59171874
194422176
588557789
54052896
744233178
51394113
248103722
330738582
914619255
298567498
650426384
596205178
584837784
281283739
884956423
734421264
204697425
529901621
746988853
687340949
483655171
404722004
149063422
817619542
170292968
157344308
725760559
729825748
549451923
108283487
668335437
291905440
86809366
686018618
263666062
729258359
472691486
163404937
486542224
469715236
228042641
435989370
165089376
852781423
452019054
980999129
438998883
514660480
131364803
932821499
503985808
946209646
502330917
744882061
422492410
736311495
829274218
128459045
30928061
591237017
173741344
668047651
136784832
934859387
174206052
243475479
507010142
530762326
75461744
202505135
903609027
37819178
608743649
644596877
239166266
226164708
510749199
360728294
366373112
77520134
244838178
454334099
761824783
189655118
925050668
518707669
340876006
476055408
89854845
269295535
972703417
464336020
597442034
717061239
214720278
19711283
901582141
164864278
207909998
42910302
635467076
75062585
44615263
22766376
892071058
972936532
444033919
940647144
981144200
676256098
250959090
431298859
977584058
440435852
16084996
806000111
557199790
795698449
600821030
914020732
75581292
849078679
690104753
690914341
858993716
120798294
578170750
989440163
556967882
322704909
398190222
925753537
679237882
836714455
768468155
769096079
65361058
950064053
488805568
390130019
680730597
433864728
160153337
241691550
48912123
108560939
808016278
758800430
406364030
851074147
647434370
503333743
832019817
857246262
832568553
875912193
959348300
443709876
267263020
548232356
164979408
332943692
26210907
376127441
545881686
963296847
436327625
330077006
308070668
262580208
679215175
760862302
961576623
737977560
254751487
773961489
105588567
451471327
483788878
504290593
673816515
189934432
525351594
626699544
162790438
565711754
635063498
324416840
254507376
798039769
205104338
820822365
252632814
563971678
77979448
435175676
623173708
372826668
998086780
623042637
893224658
813083267
655422750
943165655
709673707
351633007
472573116
127892515
544587298
120595633
737594351
40595108
741394232
492642186
946729939
517258448
160281747
36520832
726254946
779745145
526183048
15313139
695796862
458834926
567687755
962433604
946658709
323657364
855794446
558632025
191135507
421070599
995076888
34129292
618790679
988280564
50725712
677200989
565349819
694906947
23817431
919656415
889456085
890560584
583479594
350793548
862852465
321113443
600976439
901849614
458821239
722120652
384439073
642485370
325103715
258850254
267381461
714638489
243333239
707956536
600614564
318083173
569178368
136125871
163644883
136472606
811755576
64818959
548560139
276501129
177105049
605472420
953870405
52461777
19412814
507569783
20271921
465190415
874859760
58939114
788836884
465125765
792534995
332045658
63074432
122201896
567979847
518521312
934241920
417443514
819911881
166824001
173863325
752128385
150257030
592117957
609974307
788462159
290574043
485046295
242303049
406664447
799134785
890917185
265178126
861633854
869521315
153099802
68508536
827701834
460505038
58992321
331762570
624708391
998113331
680098171
98197638
561138751
145162008
897167523
359206893
99453326
491891279
723455625
448329256
574930154
786841169
211349122
406564724
197124369
362728706
781409550
640991432
524574416
451266981
75018289
180801655
90830988
433908630
822614439
588858790
23937251
716916830
558321512
87300116
280972911
538623950
333433616
296000459
22513612
74889921
333620870
710725321
589629860
402761394
943547875
539997465
951916343
323299298
976780042
501109799
199236767
193427433
233415926
370738279
555499556
686109872
30041259
715752386
815551120
886786428
410528412
800358672
943597278
420386369
208035282
529272638
600602284
796250389
325684760
502660861
915951288
545993911
434655825
699277402
460206724
558527500
151316145
590091805
390079809
916129889
190568580
191738115
571258326
231701595
206004278
192728020
712540552
910214832
286901037
615456551
71458625
868876397
244536252
307744161
105311395
619632855
630766651
122935157
372881697
474014463
72385793
605134168
62921648
170461153
12166758
196133511
274047288
114886811
63226269
613778853
972170071
334084232
965181250
218129778
374119042
745966601
648614818
744633847
807338282
760614017
690561810
90423263
56036604
973336541
829421455
319499629
139337191
813282100
737088594
720875655
169212675
462196949
828252199
755661783
844714517
5477881
315554235
87750514
373558510
656221588
143477945
694774898
919558207
346763091
528299605
294137726
99908835
127128733
702597441
656484348
539508516
281931816
414244457
233511565
186199757
754980955
818266833
446267352
299330146
908825772
214977762
555300864
712782739
343529584
283375977
362938112
676183684
957593499
478037879
963678434
614255668
253420351
738588416
190435554
280688674
621534567
641446667
967595280
322020099
356202511
771242605
974488370
762612076
706027710
840015786
793978751
918354990
405012353
424373700
310268692
968147130
76951450
93821831
89316315
801319174
521879583
550004519
67311656
139429323
504893988
6485721
126407405
457186222
156878105
609271508
60745476
141460218
382640414
489784296
911751520
546624091
933538061
94826549
145497213
638906278
421300377
10321916
962176195
768963857
418844262
367579727
553559817
98452644
965605667
499721572
173626033
992504645
376740440
402320486
774311777
304511568
586997382
901985912
118207720
917434843
420514348
815085197
674905269
676977769
290511151
701932879
594818731
115210053
631313414
129333096
221562236
59766645
462996324
105988719
530934706
567907138
926465664
525016134
192674728
777386264
837409109
584567818
592139734
860271856
552738181
259498863
662644053
849211285
371278206
119408522
847572118
75555067
903634803
52744347
927253175
59270997
529269470
201888478
716361183
292077253
550009594
916364408
550666646
495630708
825132691
21768806
597627538
964399457
776222640
102122797
924787836
895383370
905394460
774026194
708061722
413617669
22892739
688331368
386648477
674798422
600834436
791809239
113966824
440343059
717016289
954202220
680080825
510235416
795614696
625432978
731194084
424656867
847662704
516873794
701534598
389793741
573112336
508922005
365327326
555882023
730132053
74381774
357352599
426307709
403201305
907470847
113873459
882568637
603878867
679407841
622052421
777809119
99080193
649004512
329576023
776818813
328929877
463287337
959516006
781206692
109765150
356958162
42475255
821999084
815894424
431771733
997447775
752494645
887117653
283036869
378371559
810790319
790026863
755407691
708092206
485315647
763382955
221764078
867199551
807885801
491904015
606961694
154511113
844082574
560470840
4346362
70015733
782913784
147226524
372169215
332726111
663854265
976105859
46971373
875998948
10352724
336851096
206997672
952114720
570045150
123925970
66893658
413500337
416288665
861674939
465299800
41187946
673005631
472963438
444235602
528375404
976560207
194028929
749047370
197568368
842686659
211597691
607747816
403525663
365143974
88446733
861101724
585261989
134543110
439557965
521056492
784850432
185578523
885478613
919773057
190885521
156729133
712438241
509000152
359250242
126980050
834591372
758374942
133777139
424975342
735641507
132703951
451245536
336144352
467008072
986997464
596847556
931020670
452283248
599017142
638946431
441499100
674050695
378984105
630686629
385117344
698215194
866212908
894012236
616360372
632185267
897837262
608470692
359410513
376043171
157626875
788657750
812357817
606915895
253160918
562630634
702798741
688725063
693387764
76594156
35871104
985105061
627951433
918717035
779816318
195969434
979141403
943348581
444373199
124864435
801561534
729560477
350092035
741960307
374700904
229556393
293234069
316489891
650622769
173180096
326328004
612018878
219383914
539050752
840497716
763532693
677217522
503598791
841829797
294580819
373204801
746728306
868419310
85634671
129809171
858204872
250259217
529594158
593013557
928625145
565093348
825519138
263944810
843628279
305224863
429107941
503275023
996186597
991308689
376095976
825838298
72872232
195953617
321372325
44774451
310029805
201610736
591021112
122121876
269777359
435402224
437900132
867799317
184827775
881300796
927814450
726259320
593407897
512226634
889627954
451388916
726958845
633015143
933473156
564550286
968016063
77166779
860356629
405932374
734303182
649579493
257000092
554732061
61335196
805363068
976497646
880452338
463453723
740005277
208514428
755058432
76141777
172599097
511801148
613010316
980117860
26778552
970967785
330999564
451014041
751053925
650206415
479633833
901570431
480674968
89029501
640757579
132079000
517401805
793767686
213258300
106405158
430080697
481269407
143473535
133700627
25805867
432271052
828726401
339077995
332515333
301853365
796565309
987253209
796773952
340781384
461106999
577756232
214207715
97420711
30631175
377996445
834104122
268517715
800618636
597981470
562114079
720179962
107705914
947234984
955237526
434778372
727861573
789320119
353426635
6942722
468657327
657797093
305242657
259747781
972011264
910281775
885941527
625255889
170183179
495872701
805812949
655498010
13662229
723017807
135711344
859979133
615668474
777119134
894597615
376819427
237274419
971990675
826914061
467895921
199278692
839866861
457981180
228951001
716319477
195561454
833484128
713152854
838672334
959447177
252442567
344241886
768997899
13692233
453776652
495067666
951594860
763966562
5872529
344830664
967199306
617037891
87852715
966202481
546984923
302236857
15403436
469381636
789613513
895718713
246792755
637138659
753890830
576909575
43705093
869236078
513361018
731109605
892176695
490182728
759707375
252171630
907162850
208695759
398160664
48277265
34213211
758866440
813879678
595082272
649719413
77229860
593765157
781747078
693365098
278289621
685366014
977040234
441992067
503320841
648807923
733981842
273140446
477517230
912418649
60527983
46282004
902332815
122576183
74325159
68462759
274607042
706414109
662506587
16806460
225684042
671217351
784342548
960970103
331273389
520136210
211503403
905880932
851390409
101757913
514495271
83934286
400827476
620719620
728459973
22350766
122120099
215977137
564105670
547703507
698665740
6670574
731488841
525791690
919788679
110381848
368604609
612993084
261463673
4783489
694849374
533600786
791218118
687114114
416945896
989324506
162984267
593526744
532078997
57892551
835742892
738449777
197961153
486505796
858660993
798321483
421028274
207990429
707875645
467323559
950864493
560892050
487576200
968617326
155188665
936300267
588240767
103238134
953555072
478403403
259959903
345282313
136486898
832493171
42519315
284866005
750355204
740852030
25741480
54472101
403355692
936882150
352349841
746045895
688246817
693256615
698499818
92756380
903875543
170215343
99619669
602972706
542516596
314457507
939432437
591260024
38394604
982157855
773553234
199576111
502585792
62485164
890364810
349398043
592409913
825776257
900697993
484723410
387958361
623898018
320172169
324495715
301281945
170479764
712087663
604136055
303502069
547201530
451704420
912594396
218419400
561679915
839121553
261430603
256768996
327193031
774135306
731188733
116376061
102021196
882493258
273969535
694479965
236756460
622037977
918609997
809982112
811273174
621957198
911948227
793375742
335203837
70790695
462905827
74899210
107840717
596662045
992749741
354094044
292977050
993582685
756692835
269869206
123368946
376996986
259451205
28267227
119772062
677683007
661395416
304525169
792094390
814502099
177587184
899204316
112218755
819978504
140281002
718766419
986320109
70954814
577374167
911661761
226507776
428258721
40311136
716662577
190458010
988902058
217397070
125592766
833664708
60882441
245835025
475072196
38315430
25271488
270596791
391267278
648049426
314336274
114104372
372570144
436570707
614409672
538934409
922927322
977149742
407920669
242324621
996539511
749685444
192256750
923923710
295175409
191260144
66890916
59714806
888772269
85964900
759225756
974704064
669044670
376870915
727562727
422998235
186986432
153696988
651051924
927491333
161610850
287480656
616049610
458634811
657543078
139485962
932483070
168291342
970933780
764321774
544439090
553625990
606792518
147236246
753740088
793303309
450459636
273075619
149011938
128453786
607719174
557078973
681731702
493213070
414063134
151406139
353759689
303031044
659750237
413959392
567209417
608912844
535722541
771430436
603600568
903391626
362951887
286198904
239586290
178075136
596276417
577349462
786110923
738161624
416581461
153734354
920915595
657266383
468385507
271940072
61322235
981863478
520179579
950884693
27859425
667790740
322308307
988800724
111019571
803012675
863857812
746569900
725980406
532431663
338566373
825649054
516682667
194283988
487442044
383402459
750357143
499227751
430064739
825410389
662820559
50141275
226480608
737452549
103480718
506030115
404028389
279043588
906755612
489520784
430351257
398862546
457679696
554889011
195030088
541579129
674586805
828445395
76802098
513408383
331991216
203482088
39197408
334109685
704527939
580438824
220532167
539140877
873877436
242837214
360203482
391853828
732623019
248407732
793577249
539502082
251553462
1757537
78834207
116104252
926633760
849349088
359794132
667724064
614798071
880556900
281910727
668140919
960779679
542571809
355209682
164510730
917430354
944172094
950281450
473385160
911339877
440795104
807822290
115653886
819793519
584384756
913663229
28846624
756317274
246274904
776717275
604258720
689841753
963630241
261403850
151123782
102511544
754513935
136275109
459943174
771899441
26871514
885226902
113326593
545121376
75556228
604659678
112621496
775748144
855074913
893572979
71499997
221118593
570462177
759191148
251714473
821983289
836934480
968750238
57596325
395751353
789565051
145933902
321878370
454452834
595645523
51200565
105837019
184053607
224599184
149951931
803535274
198001647
51511243
513728257
736050169
467921325
263133175
108499533
845315919
274499620
702692628
364240675
676817795
707608400
322337227
955414603
524891671
902608502
360716858
489093620
652000810
938917952
306950153
865170227
281862835
531120199
965999208
594669303
466584803
498634788
618597333
117227230
10349180
58668403
373779843
688120786
621044777
455263427
179012870
602029818
142575590
623107129
119432482
923723637
331863530
402809372
838824524
850284912
310175919
87855264
559830162
519575890
390457384
721507968
276388141
109995133
852198816
944201003
53997309
594435505
604613418
899100821
182549390
77887509
593610736
396793855
183741373
687482612
233975095
258506793
212998330
389266731
545736779
819147461
681988255
771345104
767443869
246461915
486819601
480678488
724112487
219886399
429973344
467552723
78269043
140179312
515841283
520483567
23855219
50630499
699801639
105791934
485639065
437839077
183657044
5886227
845029457
684239298
984768692
542023364
902149811
177158234
919598261
96221778
908366076
203624329
831201814
363960739
353092615
847015397
179850277
641058515
54777858
32626579
915101855
475316384
360266432
538877027
598781612
407150873
628582894
86343723
282824560
527248699
53956852
332403691
691063436
800954698
356429919
444825220
126663562
23515126
603174862
605531798
897326856
914953123
561751578
469311380
676893955
599620384
803233000
648433839
948822827
48593800
429700693
612789736
83448250
545208820
478881447
866033253
873746470
707495291
853805087
443538028
758937722
454770198
362355612
436453892
119080418
474825414
66071729
860674412
993749980
243143500
837786265
864658913
476139241
335385061
777598285
868377276
36970876
239064644
14813535
507120983
944807484
616742176
783054354
266644036
970377748
973709423
837513886
682505172
288824682
34686344
114006008
437788859
779382978
70647859
147511541
316967340
540105096
143894611
430084025
118205893
750790419
13722809
805760780
906235624
723150806
883468688
711309720
257063176
191546687
243651062
780344787
199930652
852314175
952164025
138155907
611001693
972103120
226351602
654131271
902827916
459217338
723197857
942506464
513636616
159409321
224249627
465491752
683739370
998127856
341281789
941927184
497248647
370861151
588550977
421749188
245037314
437027709
339235687
891151664
3618146
36801699
926165322
347943643
548072875
88370340
979997876
759547604
376521160
760758811
626847038
241573458
496894861
562420487
379243791
792833120
159521500
858268517
739697466
648333630
268807169
404086461
679494261
718500674
37819970
906470779
547390338
796046546
871241591
688220071
514761719
480579152
340160395
857798930
701294352
996218004
140963004
194858285
756494935
826125736
561990557
557087338
755778214
510939550
904535439
744072027
290869860
401991509
183461458
266652627
115399989
531025194
881401062
679673838
188183293
273721319
833059500
147507860
635094101
766159511
39002576
761951634
882614235
705814844
294932659
413611019
566869467
348979060
974964888
15139514
119183779
739796940
830180368
186225575
159229924
149159318
901263478
565072525
806618458
55412517
332666882
61905947
722133633
133110846
980110147
71689423
348031443
514059922
643015761
206920749
569683619
745360744
420684661
782746842
136988134
615720578
351681903
399574425
315503121
140724053
665641158
920193913
402651280
618359948
212670454
226177132
526660425
356325865
514770121
512463398
955222593
26814061
704952618
456139019
285409598
159784397
170567882
899390270
142805519
165554544
104641657
805516248
536920760
82209987
80405196
274811125
399488031
574484361
188521632
852785934
847491011
418975785
305392793
253971674
236384204
50020217
130269797
537255014
465932472
295809327
347930408
806147716
551381415
53906680
59969205
109820933
502667809
669306644
827609421
878329495
857697000
521288782
200988356
150963416
707896206
561932672
92924285
211907377
505934135
717734382
426996210
100167984
329338947
503525104
42252235
481646455
843577783
427598287
279538363
388725504
538328636
670957576
488883739
586296702
20943214
84204236
483734486
916287673
868727937
423372535
34538443
43493713
627378372
136127174
395371199
689070415
465140160
418628483
818838522
584035925
394024199
159596967
479855738
247610010
793469219
254221733
755065171
805842056
875272885
350884606
602422088
679501849
402290648
863989734
164350089
708539162
234129939
40765117
936572548
380618727
190400815
706747294
758645768
624566585
963080477
246648249
172128406
587303902
450852978
90110688
884555574
634904291
209639219
32873201
506495110
879017371
740118824
254712860
217085223
900055617
454159931
939141763
122576952
784342857
966373097
147125399
26124656
460005442
99187329
997394042
146393768
402114145
511831965
854320853
982414345
276765953
330654452
157436445
257000388
736303308
335352001
187182243
458781368
146172792
172170926
417760847
923818123
421254919
689514320
932904963
820910225
975176419
175184486
723854137
904152628
460165180
526193720
655929764
977640120
426082593
685320497
403321410
757308290
804195073
762880739
205754149
328866070
957502194
9664830
819389940
24684398
157073182
116248077
882326880
176377366
158669673
792769467
351058104
161978644
576073
68209628
970828141
86186392
695887898
402204852
656941128
72019902
706768983
715237408
828144694
63827321
403482666
413070182
248610276
472677009
886871309
254312277
152526050
701684664
659260244
775071028
47809300
76121328
639242902
316277532
604862524
780323661
198782562
188825612
199081099
726667128
817969759
20303032
936260866
908204659
669958344
943892675
569670330
792782361
233061684
126028732
796988420
317594567
758886038
732670021
29360847
616745299
798649317
206542464
667312580
211943317
981458822
755214334
126235258
313735158
360636083
110805065
948248337
522974363
10494028
447560677
177133295
246539056
523817168
908328188
829799514
3734410
831648765
4960664
589705959
668489312
161280641
505548301
792984211
747808540
775417356
344572287
620694468
989851019
788894234
761364164
307579768
704884063
332224768
387245453
840017311
439100517
118406351
644872202
63645900
956949938
61478310
463996416
344197211
66375946
888888359
294742758
448778911
571858910
922410379
291073309
856555974
549973187
488535256
664486949
825952358
297479729
480395755
864313615
294703128
390452618
256046137
441702936
188799908
706469924
551438644
519103805
97683724
710503350
439566446
616798683
106570116
544335871
736171475
477375160
472329243
622972039
71321353
27186877
307369008
57680027
72966740
773851515
926080529
124982245
703273853
890552913
561723485
611252757
373137301
32721609
12429076
873272817
121809791
928056985
773893142
789380410
108276843
703379365
883282221
861670362
396945823
283609797
224403933
791198461
820370126
885033081
170548370
222133121
788943999
333012809
192917216
872017269
452142702
945450077
791592931
145710281
747128723
733968355
156717274
864076733
791513442
373342819
532126775
127381532
998579392
190821323
727283273
323488541
998170243
381593423
438483147
771242665
251987503
446868236
242146808
468170496
555344083
144626784
370997426
446096529
28150149
62506248
212249609
960445740
275770382
681626742
668157721
58867024
249759527
236713957
87917267
351751897
333437038
783199615
61265417
560490793
987949578
789073768
964007840
314950143
663023815
476216725
713890130
827939470
190896835
863186449
738688246
847199035
199924581
197789723
290334967
281179210
416874428
848715645
689141977
605833687
835312327
369975728
650160732
771778600
517641247
756521043
267170515
90812825
153400358
111062473
327735749
396561359
671674661
123778347
857610036
227233974
674345025
612037508
447320907
516228650
222962318
313564483
69077174
811205200
877494433
625917938
276635867
389128368
702411304
239731955
765643790
454149877
826153757
275256901
851416398
967554147
846794881
613734481
170877127
364127207
88991156
686494420
203050920
260887950
151925935
346542125
908681216
868577604
451641724
250891144
772433101
361533363
881011442
646882950
839615440
36353210
698595355
299750128
136028456
504349769
751711788
701784399
996179241
115141648
804129036
865218602
169069820
131664642
260012277
446461415
779054574
998435540
830068118
653081214
146457981
846860235
945966433
734714213
120459900
293840672
380171536
161616924
577828335
928591250
690121756
646192771
748327463
23132762
932765828
761267210
140322884
824551875
328803036
847610957
367994775
339801544
408870886
872621482
368749482
10480910
365963886
923906397
855546010
925558785
364067229
972311498
671443017
695657530
508682755
930483949
341900887
953248845
106159311
743141094
592538046
317633092
660171597
843129674
811704333
364213759
146224576
938877786
284145442
565811378
478745741
60845811
470927654
135601936
652978035
74724153
20024994
543282171
196353050
20434109
220720732
441803022
625073491
849756117
36154811
530659174
571465035
132304095
969402702
502391102
15306459
396729013
422722822
292647483
151805551
679656466
181843966
897738129
597039829
412232715
411883864
407007625
190131641
516508721
17855190
743295187
439924097
85168333
415709359
960817979
423074804
644764592
655469268
514839735
972938359
415330450
968237757
483450125
982829450
498150997
636600890
52682528
60340984
727649234
547378694
866355040
111996426
998934816
888954856
585933885
685786430
872648125
323770792
822558160
121729102
471448814
558098244
623203160
113868672
535752744
131188942
131768785
904062825
769582366
432584356
580548496
76171870
275499072
569458352
926501134
421199759
267559850
203154464
516539528
371602330
159871120
231170119
220996868
47479145
637091775
129579671
879022156
544619922
636437633
673708425
663012783
477936911
45176979
79872201
100751737
7933522
101771673
293091154
558876473
433953533
931188010
653547541
516662263
911589157
167986779
253782848
736937039
933415263
150179699
837842000
70962550
336146668
408801174
705276865
251110016
161953458
259604145
284178525
92026141
258014401
471951419